0 0.8909615390625 0.35140625000000003 0.9022908656249999 0.417314903125 0.9342139421875 0.37509375 0.8909615390625 0.35140625000000003
0 0.7622331734375 0.326689903125 0.7838605765625 0.42040384687500004 0.8374110578125 0.33801923125 0.7622331734375 0.326689903125
0 0.7066250000000001 0.3194831734375 0.6489543265625 0.321540865625 0.66955048125 0.4070168265625 0.7066250000000001 0.3194831734375
0 0.526403846875 0.3194831734375 0.550091346875 0.40495673125 0.5881947109375 0.372002403125 0.5923125 0.322572115625 0.526403846875 0.3194831734375
0 0.47285336562499997 0.3256610578125 0.41209375000000004 0.336990384375 0.43372115312500004 0.41010576875 0.47285336562499997 0.3256610578125
0 0.3492740390625 0.33801923125 0.2730673078125 0.3565552890625 0.3183798078125 0.4317331734375 0.3492740390625 0.33801923125
0 0.21127884687499998 0.381271634375 0.1690552890625 0.398778846875 0.20715865312499998 0.4317331734375 0.21127884687499998 0.381271634375
0 0.269978365625 0.7036057687499999 0.24011298124999997 0.6335793265625 0.203040865625 0.6891899031250001 0.15978846093750002 0.6953677890625001 0.28542548125 0.711846153125 0.269978365625 0.7036057687499999
0 0.404884615625 0.7005168265624999 0.365752403125 0.6418173078125 0.3266177890625 0.705665865625 0.404884615625 0.7005168265624999
0 0.572747596875 0.688158653125 0.55626923125 0.6418173078125 0.5408221156249999 0.6891899031250001 0.572747596875 0.688158653125
0 0.7673846156249999 0.6984567312500001 0.734427884375 0.6479951921875 0.6973557687499999 0.6974278843749999 0.7673846156249999 0.6984567312500001
0 0.8878725968750001 0.6891899031250001 0.8528581734375 0.6171009609375 0.8219639421875 0.6984567312500001 0.8878725968750001 0.6891899031250001
0 0.104177884375 0.65417548125 0.156697115625 0.6953677890625001 0.1474302890625 0.6098918265625 0.104177884375 0.65417548125