0 0.06578605781249999 0.37509375 0.09770913437499999 0.417314903125 0.1090384609375 0.35140625000000003 0.06578605781249999 0.37509375
0 0.1625889421875 0.33801923125 0.21613942343749998 0.42040384687500004 0.2377668265625 0.326689903125 0.1625889421875 0.33801923125
0 0.33044951875 0.4070168265625 0.3510456734375 0.321540865625 0.293375 0.3194831734375 0.33044951875 0.4070168265625
0 0.44990865312499995 0.40495673125 0.47359615312500003 0.3194831734375 0.40768750000000004 0.322572115625 0.4118052890625 0.372002403125 0.44990865312499995 0.40495673125
0 0.566278846875 0.41010576875 0.58790625 0.336990384375 0.527146634375 0.3256610578125 0.566278846875 0.41010576875
0 0.6816201921875 0.4317331734375 0.7269326921875 0.3565552890625 0.6507259609375 0.33801923125 0.6816201921875 0.4317331734375
0 0.792841346875 0.4317331734375 0.8309447109375 0.398778846875 0.788721153125 0.381271634375 0.792841346875 0.4317331734375
0 0.8402115390624999 0.6953677890625001 0.796959134375 0.6891899031250001 0.75988701875 0.6335793265625 0.730021634375 0.7036057687499999 0.71457451875 0.711846153125 0.8402115390624999 0.6953677890625001
0 0.6733822109375 0.705665865625 0.634247596875 0.6418173078125 0.595115384375 0.7005168265624999 0.6733822109375 0.705665865625
0 0.459177884375 0.6891899031250001 0.44373076874999995 0.6418173078125 0.42725240312499996 0.688158653125 0.459177884375 0.6891899031250001
0 0.30264423125 0.6974278843749999 0.265572115625 0.6479951921875 0.23261538437499998 0.6984567312500001 0.30264423125 0.6974278843749999
0 0.1780360578125 0.6984567312500001 0.14714182656250002 0.6171009609375 0.112127403125 0.6891899031250001 0.1780360578125 0.6984567312500001
0 0.8525697109375001 0.6098918265625 0.843302884375 0.6953677890625001 0.8958221156249999 0.65417548125 0.8525697109375001 0.6098918265625