0 0.06578605781249999 0.62490625 0.1090384609375 0.6485937500000001 0.09770913437499999 0.5826850968749999 0.06578605781249999 0.62490625
0 0.1625889421875 0.66198076875 0.2377668265625 0.673310096875 0.21613942343749998 0.579596153125 0.1625889421875 0.66198076875
0 0.33044951875 0.5929831734375 0.293375 0.6805168265625 0.3510456734375 0.6784591343749999 0.33044951875 0.5929831734375
0 0.47359615312500003 0.6805168265625 0.44990865312499995 0.59504326875 0.4118052890625 0.627997596875 0.40768750000000004 0.677427884375 0.47359615312500003 0.6805168265625
0 0.566278846875 0.58989423125 0.527146634375 0.6743389421875 0.58790625 0.6630096156249999 0.566278846875 0.58989423125
0 0.6816201921875 0.5682668265624999 0.6507259609375 0.66198076875 0.7269326921875 0.6434447109375 0.6816201921875 0.5682668265624999
0 0.792841346875 0.5682668265624999 0.788721153125 0.618728365625 0.8309447109375 0.601221153125 0.792841346875 0.5682668265624999
0 0.75988701875 0.3664206734375 0.796959134375 0.310810096875 0.8402115390624999 0.30463221093750004 0.71457451875 0.288153846875 0.730021634375 0.29639423125 0.75988701875 0.3664206734375
0 0.6733822109375 0.294334134375 0.595115384375 0.29948317343749997 0.634247596875 0.3581826921875 0.6733822109375 0.294334134375
0 0.459177884375 0.310810096875 0.42725240312499996 0.311841346875 0.44373076874999995 0.3581826921875 0.459177884375 0.310810096875
0 0.30264423125 0.30257211562499997 0.23261538437499998 0.30154326875000004 0.265572115625 0.3520048078125 0.30264423125 0.30257211562499997
0 0.1780360578125 0.30154326875000004 0.112127403125 0.310810096875 0.14714182656250002 0.3828990390625 0.1780360578125 0.30154326875000004
0 0.8525697109375001 0.3901081734375 0.8958221156249999 0.34582451875000003 0.843302884375 0.30463221093750004 0.8525697109375001 0.3901081734375